---
build/img/dots.png: 2016-12-10 19:46:29.000000000 +00:00
build/img/logo.png: 2016-12-10 19:46:30.000000000 +00:00
